+0000001000
+0000000000
+0001001000
+0000000001
+0002001000
+0000000000
+0003001000
+0000000000
+0004001000
+0000000000
+0005001000
+0000000000
+0006001000
+0000000000
+0007001000
+0000000000
+0008991000
+0000000000
+9999999999
+8000000006
-7000000100
+8000000007
-6007008002
+7002006100
+6008000004
+6008000005
+0000000002
-7000000111
+6008002007
+1003007003
+5007004200
+0007000004
-7000000200
+5005007300
+0007000005
-7000000300
+7002006111
-8003000000
-8004000000
-8005000000
+9000000000
+9999999999
+0000000005
-0000123456
+0000529786
-0430323456
-0006123456
+0004823352